{
 "cells": [
  {
   "cell_type": "code",
   "execution_count": 1,
   "id": "ace6735e",
   "metadata": {},
   "outputs": [],
   "source": [
    "from sklearn.linear_model import LogisticRegression\n"
   ]
  },
  {
   "cell_type": "code",
   "execution_count": 2,
   "id": "2e1f0287",
   "metadata": {},
   "outputs": [],
   "source": [
    "m=LogisticRegression()"
   ]
  },
  {
   "cell_type": "code",
   "execution_count": 3,
   "id": "7644137e",
   "metadata": {},
   "outputs": [],
   "source": [
    "from sklearn.datasets import load_iris\n",
    "iris=load_iris()"
   ]
  },
  {
   "cell_type": "code",
   "execution_count": 4,
   "id": "68f61744",
   "metadata": {},
   "outputs": [
    {
     "data": {
      "text/plain": [
       "array(['setosa', 'versicolor', 'virginica'], dtype='<U10')"
      ]
     },
     "execution_count": 4,
     "metadata": {},
     "output_type": "execute_result"
    }
   ],
   "source": [
    "iris.feature_names\n",
    "iris.target_names"
   ]
  },
  {
   "cell_type": "code",
   "execution_count": 5,
   "id": "501a8d4e",
   "metadata": {},
   "outputs": [],
   "source": [
    "from sklearn.model_selection import train_test_split\n",
    "X=iris.data\n",
    "y=iris.target\n",
    "Xtrain,Xtest,ytrain,ytest=train_test_split(X,y,test_size=0.1)"
   ]
  },
  {
   "cell_type": "code",
   "execution_count": 6,
   "id": "934c5cea",
   "metadata": {},
   "outputs": [
    {
     "name": "stdout",
     "output_type": "stream",
     "text": [
      "(135, 4)\n",
      "(15, 4)\n"
     ]
    }
   ],
   "source": [
    "print(Xtrain.shape)\n",
    "print(Xtest.shape)"
   ]
  },
  {
   "cell_type": "code",
   "execution_count": 7,
   "id": "898d959d",
   "metadata": {},
   "outputs": [
    {
     "name": "stdout",
     "output_type": "stream",
     "text": [
      "0.9333333333333333\n"
     ]
    },
    {
     "name": "stderr",
     "output_type": "stream",
     "text": [
      "c:\\python\\python38\\lib\\site-packages\\sklearn\\linear_model\\_logistic.py:814: ConvergenceWarning: lbfgs failed to converge (status=1):\n",
      "STOP: TOTAL NO. of ITERATIONS REACHED LIMIT.\n",
      "\n",
      "Increase the number of iterations (max_iter) or scale the data as shown in:\n",
      "    https://scikit-learn.org/stable/modules/preprocessing.html\n",
      "Please also refer to the documentation for alternative solver options:\n",
      "    https://scikit-learn.org/stable/modules/linear_model.html#logistic-regression\n",
      "  n_iter_i = _check_optimize_result(\n"
     ]
    }
   ],
   "source": [
    "m.fit(Xtrain,ytrain)\n",
    "print(m.score(Xtest,ytest))"
   ]
  },
  {
   "cell_type": "code",
   "execution_count": 8,
   "id": "c7ca019c",
   "metadata": {},
   "outputs": [
    {
     "data": {
      "text/plain": [
       "array([[9.91018236e-08, 3.53469438e-03, 9.96465207e-01],\n",
       "       [9.80319402e-01, 1.96805772e-02, 2.12474195e-08],\n",
       "       [3.57707131e-08, 3.90210841e-03, 9.96097856e-01],\n",
       "       [9.75236934e-01, 2.47630434e-02, 2.25255191e-08],\n",
       "       [9.78443199e-01, 2.15567895e-02, 1.18825292e-08],\n",
       "       [4.78228196e-05, 9.63720092e-02, 9.03580168e-01],\n",
       "       [2.23723218e-03, 7.94657174e-01, 2.03105594e-01],\n",
       "       [6.31927316e-02, 9.31410245e-01, 5.39702297e-03],\n",
       "       [1.12150794e-05, 3.36435179e-02, 9.66345267e-01],\n",
       "       [7.40312941e-03, 6.36695135e-01, 3.55901736e-01],\n",
       "       [9.70888817e-03, 9.33800419e-01, 5.64906931e-02],\n",
       "       [1.98692113e-03, 4.97186325e-01, 5.00826754e-01],\n",
       "       [7.16006957e-05, 1.36676322e-01, 8.63252078e-01],\n",
       "       [4.38308208e-02, 9.21659692e-01, 3.45094869e-02],\n",
       "       [5.29429663e-06, 1.53339507e-02, 9.84660755e-01]])"
      ]
     },
     "execution_count": 8,
     "metadata": {},
     "output_type": "execute_result"
    }
   ],
   "source": [
    "m.predict_proba(Xtest)"
   ]
  },
  {
   "cell_type": "code",
   "execution_count": 9,
   "id": "fedba51f",
   "metadata": {},
   "outputs": [
    {
     "data": {
      "text/plain": [
       "array([2, 0, 2, 0, 0, 2, 1, 1, 2, 1, 1, 2, 2, 1, 2])"
      ]
     },
     "execution_count": 9,
     "metadata": {},
     "output_type": "execute_result"
    }
   ],
   "source": [
    "ypred = m.predict(Xtest)\n",
    "ypred"
   ]
  },
  {
   "cell_type": "code",
   "execution_count": null,
   "id": "178c3d2b",
   "metadata": {},
   "outputs": [],
   "source": []
  }
 ],
 "metadata": {
  "kernelspec": {
   "display_name": "Python 3 (ipykernel)",
   "language": "python",
   "name": "python3"
  },
  "language_info": {
   "codemirror_mode": {
    "name": "ipython",
    "version": 3
   },
   "file_extension": ".py",
   "mimetype": "text/x-python",
   "name": "python",
   "nbconvert_exporter": "python",
   "pygments_lexer": "ipython3",
   "version": "3.8.7"
  }
 },
 "nbformat": 4,
 "nbformat_minor": 5
}
